" Mapa capturado por Lectronix by Eultronix "
"         www.emultronix.cjb.net            "
"        Copyright 2001 Argentina           "

"   Binario            Decimal    "
1,0,1,1,0,1,1,0,"  <--  ",182     b6
1,0,0,0,0,0,1,1,"  <--  ",131     83
0,0,0,1,0,0,0,1,"  <--  ",17      11
0,0,0,0,0,0,1,0,"  <--  ",2        2
0,1,0,0,0,0,0,1,"  <--  ",65      41
1,0,0,0,1,0,1,0,"  <--  ",13      0d
1,0,0,0,0,0,0,1,"  <--  ",129     81
1,1,1,1,0,0,1,1,"  <--  ",243     f3
1,0,1,1,1,0,1,1,"  <--  ",187     bb
1,0,0,0,1,0,1,0,"  <--  ",138     8a
0,0,0,1,0,0,0,1,"  <--  ",17      11
0,1,0,1,1,1,0,0,"  <--  ",92      5c
1,1,1,1,1,1,1,1,"  <--  ",255
1,1,1,1,1,1,1,1,"  <--  ",255
1,1,1,1,1,1,1,1,"  <--  ",255
1,1,1,1,1,1,1,1,"  <--  ",255
1,1,1,1,1,1,1,1,"  <--  ",255
1,1,1,1,1,1,1,1,"  <--  ",255
1,1,1,1,1,1,1,1,"  <--  ",255
1,1,1,1,1,1,1,1,"  <--  ",255
1,1,1,1,1,1,1,1,"  <--  ",255
1,1,1,1,1,1,1,1,"  <--  ",255
1,1,1,1,1,1,1,1,"  <--  ",255
1,1,1,1,1,1,1,1,"  <--  ",255
1,1,1,1,0,0,0,0,"  <--  ",240
0,0,0,0,0,0,0,0,"  <--  ",0
0,0,0,0,0,0,0,0,"  <--  ",0
0,0,0,0,0,0,0,0,"  <--  ",0
0,0,0,0,0,0,0,0,"  <--  ",0
0,0,0,0,0,0,0,0,"  <--  ",0
0,0,0,0,0,0,0,0,"  <--  ",0
0,0,0,0,0,0,0,0,"  <--  ",0

"Numero de serie:",9077235
"Creditos",1380
"Creditos restantes:",1244
